30 10
0 70 89 72 71 24 72 88 91 55 67 73 95 64 78 18 26 7 60 71 29 42 61 99 2 41 35 79 40 41 
70 0 47 44 91 45 88 6 80 54 8 11 47 83 28 91 25 10 67 98 94 23 41 90 70 55 33 7 17 1 
89 47 0 77 89 47 63 21 80 6 10 81 49 75 60 48 4 4 90 23 67 63 31 74 47 25 5 19 92 12 
72 44 77 0 86 43 33 42 60 95 82 84 52 94 10 53 5 11 76 88 58 88 23 93 81 49 28 54 28 80 
71 91 89 86 0 77 21 23 20 39 92 1 93 46 21 6 36 15 44 63 94 94 55 37 21 35 88 4 95 17 
24 45 47 43 77 0 83 46 26 29 31 13 88 6 55 31 65 86 80 48 32 69 49 65 97 45 89 5 99 4 
72 88 63 33 21 83 0 12 32 39 64 16 32 33 56 79 77 90 48 88 53 100 99 41 6 53 21 38 98 59 
88 6 21 42 23 46 12 0 63 85 79 13 84 34 19 99 90 66 91 40 2 55 64 90 54 88 42 60 48 63 
91 80 80 60 20 26 32 63 0 71 88 32 24 78 55 28 72 66 76 33 55 3 54 17 96 14 13 33 54 54 
55 54 6 95 39 29 39 85 71 0 36 93 2 95 7 84 96 73 77 66 9 4 67 1 47 99 69 25 55 9 
67 8 10 82 92 31 64 79 88 36 0 96 2 14 64 84 45 1 1 96 14 46 57 82 79 68 28 49 85 62 
73 11 81 84 1 13 16 13 32 93 96 0 84 13 94 61 78 26 65 95 88 83 29 47 40 34 9 53 14 7 
95 47 49 52 93 88 32 84 24 2 2 84 0 48 38 61 11 86 96 72 79 49 29 76 83 96 73 18 87 63 
64 83 75 94 46 6 33 34 78 95 14 13 48 0 47 78 38 78 57 7 63 65 44 37 44 26 15 13 61 98 
78 28 60 10 21 55 56 19 55 7 64 94 38 47 0 27 67 4 72 61 63 40 22 95 80 39 22 73 14 20 
18 91 48 53 6 31 79 99 28 84 84 61 61 78 27 0 57 11 5 61 19 95 98 74 24 43 72 46 91 1 
26 25 4 5 36 65 77 90 72 96 45 78 11 38 67 57 0 55 12 82 25 48 44 100 12 72 35 22 78 58 
7 10 4 11 15 86 90 66 66 73 1 26 86 78 4 11 55 0 34 4 10 92 28 100 33 18 7 46 78 85 
60 67 90 76 44 80 48 91 76 77 1 65 96 57 72 5 12 34 0 92 6 96 52 40 6 82 19 12 63 91 
71 98 23 88 63 48 88 40 33 66 96 95 72 7 61 61 82 4 92 0 16 2 99 57 58 7 60 95 75 87 
29 94 67 58 94 32 53 2 55 9 14 88 79 63 63 19 25 10 6 16 0 100 26 80 8 13 98 69 99 63 
42 23 63 88 94 69 100 55 3 4 46 83 49 65 40 95 48 92 96 2 100 0 34 21 42 14 61 46 60 5 
61 41 31 23 55 49 99 64 54 67 57 29 29 44 22 98 44 28 52 99 26 34 0 52 4 30 83 54 87 62 
99 90 74 93 37 65 41 90 17 1 82 47 76 37 95 74 100 100 40 57 80 21 52 0 33 24 15 87 46 13 
2 70 47 81 21 97 6 54 96 47 79 40 83 44 80 24 12 33 6 58 8 42 4 33 0 98 94 57 28 65 
41 55 25 49 35 45 53 88 14 99 68 34 96 26 39 43 72 18 82 7 13 14 30 24 98 0 89 51 32 48 
35 33 5 28 88 89 21 42 13 69 28 9 73 15 22 72 35 7 19 60 98 61 83 15 94 89 0 47 99 58 
79 7 19 54 4 5 38 60 33 25 49 53 18 13 73 46 22 46 12 95 69 46 54 87 57 51 47 0 14 44 
40 17 92 28 95 99 98 48 54 55 85 14 87 61 14 91 78 78 63 75 99 60 87 46 28 32 99 14 0 31 
41 1 12 80 17 4 59 63 54 9 62 7 63 98 20 1 58 85 91 87 63 5 62 13 65 48 58 44 31 0 
