10 5
0 70 5 1 73 70 77 37 31 31 
70 0 81 47 83 73 47 39 82 76 
5 81 0 65 85 59 95 60 82 67 
1 47 65 0 56 55 25 97 52 15 
73 83 85 56 0 79 40 96 38 31 
70 73 59 55 79 0 23 9 14 88 
77 47 95 25 40 23 0 20 52 40 
37 39 60 97 96 9 20 0 84 90 
31 82 82 52 38 14 52 84 0 42 
31 76 67 15 31 88 40 90 42 0 
