30 13
0 57 87 8 72 99 61 86 50 31 78 45 88 25 18 10 18 66 35 56 56 25 60 1 26 7 90 58 54 16 
57 0 84 31 14 83 18 6 63 88 73 36 43 72 83 34 53 44 85 39 23 15 17 62 69 54 34 32 43 70 
87 84 0 67 4 94 19 35 82 44 9 96 51 21 49 89 2 52 2 10 66 1 55 22 57 91 52 40 4 100 
8 31 67 0 80 50 92 92 58 34 96 15 32 49 28 15 100 32 15 67 57 70 82 71 2 7 78 72 80 22 
72 14 4 80 0 58 13 58 49 19 16 37 29 100 43 58 53 2 30 65 33 23 39 98 59 88 17 40 100 12 
99 83 94 50 58 0 81 83 65 42 73 58 69 25 11 61 29 64 65 94 9 34 48 32 22 53 7 29 35 3 
61 18 19 92 13 81 0 19 65 68 28 96 73 27 15 87 94 70 9 62 15 51 21 98 88 10 84 6 71 53 
86 6 35 92 58 83 19 0 79 13 53 47 48 13 37 7 63 60 12 15 57 33 7 54 85 66 22 91 24 63 
50 63 82 58 49 65 65 79 0 92 79 58 81 69 61 12 95 75 40 9 69 81 3 11 74 21 49 7 74 38 
31 88 44 34 19 42 68 13 92 0 62 61 64 14 46 63 31 33 49 60 69 61 74 57 1 66 90 74 99 23 
78 73 9 96 16 73 28 53 79 62 0 11 25 9 65 85 24 96 11 48 33 59 83 22 7 19 62 49 81 38 
45 36 96 15 37 58 96 47 58 61 11 0 5 35 30 24 41 98 44 94 61 88 17 17 97 79 1 42 17 63 
88 43 51 32 29 69 73 48 81 64 25 5 0 3 19 84 47 16 59 9 76 35 74 91 50 39 51 96 57 73 
25 72 21 49 100 25 27 13 69 14 9 35 3 0 65 51 5 46 73 82 23 76 52 13 90 58 27 50 54 18 
18 83 49 28 43 11 15 37 61 46 65 30 19 65 0 32 59 82 9 30 23 44 92 16 94 16 73 84 17 31 
10 34 89 15 58 61 87 7 12 63 85 24 84 51 32 0 63 85 3 11 42 19 59 11 3 13 16 57 99 30 
18 53 2 100 53 29 94 63 95 31 24 41 47 5 59 63 0 50 76 48 88 36 54 19 100 10 97 50 1 24 
66 44 52 32 2 64 70 60 75 33 96 98 16 46 82 85 50 0 41 11 16 11 76 19 3 74 4 34 66 48 
35 85 2 15 30 65 9 12 40 49 11 44 59 73 9 3 76 41 0 27 56 76 39 85 77 9 55 35 82 28 
56 39 10 67 65 94 62 15 9 60 48 94 9 82 30 11 48 11 27 0 54 57 66 1 68 60 6 75 9 24 
56 23 66 57 33 9 15 57 69 69 33 61 76 23 23 42 88 16 56 54 0 79 87 35 45 63 71 2 16 13 
25 15 1 70 23 34 51 33 81 61 59 88 35 76 44 19 36 11 76 57 79 0 27 10 89 54 19 83 67 61 
60 17 55 82 39 48 21 7 3 74 83 17 74 52 92 59 54 76 39 66 87 27 0 52 84 14 15 78 95 85 
1 62 22 71 98 32 98 54 11 57 22 17 91 13 16 11 19 19 85 1 35 10 52 0 55 15 44 56 42 80 
26 69 57 2 59 22 88 85 74 1 7 97 50 90 94 3 100 3 77 68 45 89 84 55 0 8 27 40 68 27 
7 54 91 7 88 53 10 66 21 66 19 79 39 58 16 13 10 74 9 60 63 54 14 15 8 0 26 100 77 79 
90 34 52 78 17 7 84 22 49 90 62 1 51 27 73 16 97 4 55 6 71 19 15 44 27 26 0 26 71 21 
58 32 40 72 40 29 6 91 7 74 49 42 96 50 84 57 50 34 35 75 2 83 78 56 40 100 26 0 75 47 
54 43 4 80 100 35 71 24 74 99 81 17 57 54 17 99 1 66 82 9 16 67 95 42 68 77 71 75 0 8 
16 70 100 22 12 3 53 63 38 23 38 63 73 18 31 30 24 48 28 24 13 61 85 80 27 79 21 47 8 0 
