30 9
0 53 8 59 43 77 32 80 40 70 30 98 92 53 44 86 68 59 20 26 68 46 72 41 18 41 78 23 18 90 
53 0 94 3 3 8 81 89 37 45 96 37 44 10 87 19 69 86 59 36 70 59 53 95 6 30 12 98 75 21 
8 94 0 43 28 33 53 63 82 53 81 59 17 99 37 29 85 100 3 91 90 48 99 60 71 33 99 29 81 77 
59 3 43 0 84 69 96 76 44 97 82 66 44 33 85 42 54 100 93 41 81 28 90 43 87 58 40 12 94 7 
43 3 28 84 0 23 49 16 96 28 43 76 92 68 61 23 57 9 77 34 93 51 26 87 75 30 9 29 98 96 
77 8 33 69 23 0 25 39 76 29 29 47 97 21 10 91 21 90 73 44 81 83 45 80 50 79 62 6 31 57 
32 81 53 96 49 25 0 69 2 56 6 48 24 54 77 40 66 91 41 68 60 73 94 82 75 89 32 23 74 52 
80 89 63 76 16 39 69 0 99 13 23 20 99 88 56 56 18 16 49 29 87 49 42 8 77 47 91 80 9 45 
40 37 82 44 96 76 2 99 0 49 70 42 61 70 78 58 49 99 20 30 31 10 58 77 42 84 94 97 59 87 
70 45 53 97 28 29 56 13 49 0 21 75 72 91 72 12 73 54 61 46 77 41 78 5 69 11 89 83 79 26 
30 96 81 82 43 29 6 23 70 21 0 73 29 46 99 9 96 76 72 64 32 19 88 60 36 85 20 41 83 5 
98 37 59 66 76 47 48 20 42 75 73 0 56 88 74 45 21 43 92 83 31 30 16 28 84 11 72 28 38 46 
92 44 17 44 92 97 24 99 61 72 29 56 0 18 96 81 23 34 80 92 2 10 26 47 7 12 77 25 27 56 
53 10 99 33 68 21 54 88 70 91 46 88 18 0 49 51 21 27 95 36 19 8 15 37 68 59 18 87 17 87 
44 87 37 85 61 10 77 56 78 72 99 74 96 49 0 42 68 36 50 93 22 10 18 24 18 87 8 16 79 35 
86 19 29 42 23 91 40 56 58 12 9 45 81 51 42 0 72 54 66 47 94 2 8 92 15 54 40 44 54 83 
68 69 85 54 57 21 66 18 49 73 96 21 23 21 68 72 0 47 46 28 5 40 39 79 96 80 2 58 42 3 
59 86 100 100 9 90 91 16 99 54 76 43 34 27 36 54 47 0 49 69 65 21 18 33 74 75 70 44 65 13 
20 59 3 93 77 73 41 49 20 61 72 92 80 95 50 66 46 49 0 71 14 40 70 70 26 37 51 61 21 88 
26 36 91 41 34 44 68 29 30 46 64 83 92 36 93 47 28 69 71 0 33 22 80 66 23 86 61 17 85 96 
68 70 90 81 93 81 60 87 31 77 32 31 2 19 22 94 5 65 14 33 0 98 36 48 20 42 56 35 74 29 
46 59 48 28 51 83 73 49 10 41 19 30 10 8 10 2 40 21 40 22 98 0 51 47 63 6 4 15 17 9 
72 53 99 90 26 45 94 42 58 78 88 16 26 15 18 8 39 18 70 80 36 51 0 32 98 100 92 86 98 81 
41 95 60 43 87 80 82 8 77 5 60 28 47 37 24 92 79 33 70 66 48 47 32 0 12 37 30 86 43 55 
18 6 71 87 75 50 75 77 42 69 36 84 7 68 18 15 96 74 26 23 20 63 98 12 0 80 93 27 51 77 
41 30 33 58 30 79 89 47 84 11 85 11 12 59 87 54 80 75 37 86 42 6 100 37 80 0 77 94 64 30 
78 12 99 40 9 62 32 91 94 89 20 72 77 18 8 40 2 70 51 61 56 4 92 30 93 77 0 89 28 97 
23 98 29 12 29 6 23 80 97 83 41 28 25 87 16 44 58 44 61 17 35 15 86 86 27 94 89 0 36 79 
18 75 81 94 98 31 74 9 59 79 83 38 27 17 79 54 42 65 21 85 74 17 98 43 51 64 28 36 0 93 
90 21 77 7 96 57 52 45 87 26 5 46 56 87 35 83 3 13 88 96 29 9 81 55 77 30 97 79 93 0 
