10 5
0 67 49 35 66 83 36 57 71 94 
67 0 87 15 71 87 94 49 50 41 
49 87 0 6 42 87 81 98 51 35 
35 15 6 0 79 89 4 76 90 35 
66 71 42 79 0 76 89 64 98 19 
83 87 87 89 76 0 45 93 37 69 
36 94 81 4 89 45 0 92 24 73 
57 49 98 76 64 93 92 0 65 57 
71 50 51 90 98 37 24 65 0 9 
94 41 35 35 19 69 73 57 9 0 
